#size, omg, processor count, iter count,residual
50 1.2 1 5631 0.000001
50 1.2 4 5822 0.000001
50 1.2 8 6130 0.000001
50 1.2 16 6751 0.000001
50 1.2 32 7897 0.000001
50 1.2 64 12653 0.000001
50 1.2 72 15266 0.000001
50 1.5 1 3001 0.000001
50 1.5 4 3207 0.000001
50 1.5 8 3519 0.000001
50 1.5 16 4141 0.000001
50 1.5 32 3361 -nan
50 1.5 64 3205 -nan
50 1.5 72 3205 -nan
50 1.7 1 1734 0.000001
50 1.7 4 1954 0.000001
50 1.7 8 2273 0.000001
50 1.7 16 6320 -nan
50 1.7 32 1645 -nan
50 1.7 64 1616 -nan
50 1.7 72 1616 -nan
50 1.9 1 676 0.000001
50 1.9 4 38967 -nan
50 1.9 8 4290 -nan
50 1.9 16 2249 -nan
50 1.9 32 1154 -nan
50 1.9 64 1144 -nan
50 1.9 72 1144 -nan
100 1.2 1 22132 0.000001
100 1.2 4 22525 0.000001
100 1.2 8 23094 0.000001
100 1.2 16 24322 0.000001
100 1.2 32 26806 0.000001
100 1.2 64 31342 0.000001
100 1.2 72 32600 0.000001
100 1.5 1 11608 0.000001
100 1.5 4 12018 0.000001
100 1.5 8 12630 0.000001
100 1.5 16 13872 0.000001
100 1.5 32 16359 0.000001
100 1.5 64 3190 -nan
100 1.5 72 3164 -nan
100 1.7 1 6544 0.000001
100 1.7 4 6974 0.000001
100 1.7 8 7614 0.000001
100 1.7 16 8880 0.000001
100 1.7 32 6074 -nan
100 1.7 64 1585 -nan
100 1.7 72 1580 -nan
100 1.9 1 2388 0.000001
100 1.9 4 2874 0.000001
100 1.9 8 12073 -nan
100 1.9 16 4037 -nan
100 1.9 32 2183 -nan
100 1.9 64 1112 -nan
100 1.9 72 1111 -nan
150 1.2 1 49485 0.000001
150 1.2 4 50049 0.000001
150 1.2 8 50996 0.000001
150 1.2 16 52664 0.000001
150 1.2 32 55676 0.000001
150 1.2 64 62894 0.000001
150 1.2 72 65480 0.000001
150 1.5 1 25799 0.000001
150 1.5 4 26400 0.000001
150 1.5 8 27372 0.000001
150 1.5 16 29155 0.000001
150 1.5 32 32555 0.000001
150 1.5 64 39943 0.000001
150 1.5 72 42078 0.000001
150 1.7 1 14401 0.000001
150 1.7 4 15036 0.000001
150 1.7 8 16031 0.000001
150 1.7 16 17897 0.000001
150 1.7 32 24942 -nan
150 1.7 64 6000 -nan
150 1.7 72 5981 -nan
150 1.9 1 5060 0.000001
150 1.9 4 5771 0.000001
150 1.9 8 28138 -nan
150 1.9 16 6531 -nan
150 1.9 32 2958 -nan
150 1.9 64 2153 -nan
150 1.9 72 2142 -nan
