#process vs time
1 2.32
2 1.20
3 0.84
4 0.66
5 0.55
6 0.48
7 0.44
8 0.40
9 0.38
10 0.34
11 0.33
12 0.32
13 0.29
14 0.29
15 0.27
16 0.28
17 0.25
18 0.26
19 0.25
20 0.25
21 0.24
22 0.24
23 0.24
24 0.23
25 0.23
26 0.23
27 0.23
28 0.23
29 0.23
30 0.23
31 0.23
32 0.24
33 0.22
34 0.22
35 0.23
36 0.22
37 0.23
38 0.23
39 0.23
40 0.25
41 0.24
42 0.25
43 0.25
44 0.26
45 0.28
46 0.28
47 0.28
48 0.27
49 0.28
50 0.27
51 0.29
52 0.29
53 0.29
54 0.29
55 0.29
56 0.30
57 0.36
58 0.43
59 5.68
60 0.36
61 0.41
62 0.41
63 0.47
64 0.44
65 0.46
66 0.56
67 0.45
68 0.52
69 0.39
70 0.40
71 0.39
72 0.45
